11 0.22833333333333333 0.21333333333333335 0.1811111111111111 0.26962962962962966
11 0.3311111111111111 0.5474074074074075 0.13555555555555554 0.2177777777777778
11 0.5088888888888888 0.3466666666666667 0.10222222222222221 0.2607407407407408
11 0.6549999999999999 0.5118518518518519 0.13 0.17037037037037037
11 0.7644444444444444 0.7051851851851852 0.13777777777777778 0.24592592592592594
11 0.83 0.3725925925925926 0.14888888888888888 0.28296296296296297
11 0.6905555555555556 0.1274074074074074 0.2811111111111111 0.1955555555555556
11 0.3522222222222222 0.8422222222222223 0.14444444444444443 0.2414814814814815
11 0.09166666666666666 0.7451851851851852 0.16777777777777778 0.34074074074074073
11 0.28944444444444445 0.728888888888889 0.11444444444444443 0.13333333333333333
11 0.43222222222222223 0.645925925925926 0.12666666666666665 0.1362962962962963
11 0.9366666666666666 0.765925925925926 0.11555555555555555 0.18074074074074076
11 0.3588888888888889 0.2725925925925926 0.13333333333333333 0.2340740740740741
