29 0.7799999999999999 0.14497716894977167 0.164 0.10273972602739725
29 0.6799999999999999 0.4691780821917808 0.18 0.18036529680365293
29 0.575 0.45776255707762553 0.126 0.14383561643835616
29 0.119 0.20319634703196346 0.094 0.1598173515981735
29 0.216 0.1815068493150685 0.108 0.13013698630136986
29 0.594 0.23173515981735157 0.116 0.11187214611872145
29 0.351 0.5616438356164383 0.22999999999999998 0.2191780821917808
29 0.7939999999999999 0.6278538812785388 0.27599999999999997 0.2100456621004566
29 0.688 0.8230593607305935 0.264 0.34931506849315064
29 0.504 0.6438356164383562 0.196 0.1689497716894977
