22 0.58125 0.578125 0.21875 0.29791666666666666
22 0.79375 0.5625 0.19375000000000003 0.24166666666666667
22 0.26015625000000003 0.6666666666666667 0.15781250000000002 0.30000000000000004
22 0.35078125000000004 0.5260416666666667 0.1796875 0.20625
22 0.18593750000000003 0.484375 0.16875 0.23125
22 0.603125 0.85625 0.17812500000000003 0.22916666666666669
22 0.7765625 0.859375 0.16562500000000002 0.19375000000000003
22 0.95625 0.7114583333333334 0.08125000000000002 0.31875
22 0.07890625000000001 0.24895833333333336 0.1296875 0.16875
22 0.16640625000000003 0.17916666666666667 0.1421875 0.14583333333333334
