12 0.5978125 0.28625 0.12687500000000002 0.2375
12 0.699375 0.42500000000000004 0.145 0.135
12 0.7234375 0.13458333333333333 0.10562500000000001 0.2625
12 0.82375 0.2679166666666667 0.22500000000000003 0.20916666666666667
12 0.8506250000000001 0.08625000000000001 0.1875 0.16250000000000003
12 0.62875 0.6983333333333334 0.095 0.21
12 0.765625 0.7995833333333333 0.19749999999999998 0.31083333333333335
12 0.8506250000000001 0.6908333333333333 0.20625 0.13
12 0.7362500000000001 0.5850000000000001 0.16250000000000003 0.175
12 0.6253124999999999 0.84375 0.11812500000000001 0.25583333333333336
12 0.5215625 0.6933333333333334 0.153125 0.275
12 0.44937499999999997 0.49875 0.08625000000000001 0.17916666666666667
12 0.53625 0.41750000000000004 0.13375 0.2466666666666667
12 0.34625 0.21958333333333332 0.195 0.13416666666666666
12 0.2234375 0.4033333333333333 0.09062500000000001 0.105
12 0.33093750000000005 0.4395833333333333 0.12187500000000001 0.12416666666666668
12 0.283125 0.685 0.2 0.20500000000000002
