29 0.8544921875 0.49452804377564974 0.087890625 0.08891928864569085
29 0.68505859375 0.47606019151846785 0.0830078125 0.08481532147742818
29 0.6201171875 0.466484268125855 0.03515625 0.09028727770177838
29 0.2578125 0.49863201094391246 0.046875 0.11354309165526676
29 0.32958984375 0.5 0.0595703125 0.08618331053351572
29 0.4189453125 0.5355677154582763 0.0703125 0.06976744186046512
29 0.47216796875 0.4110807113543092 0.0517578125 0.09712722298221614
29 0.5419921875 0.4746922024623803 0.064453125 0.06292749658002736
29 0.12353515625 0.19767441860465118 0.1787109375 0.2640218878248974
29 0.2783203125 0.30984952120383036 0.115234375 0.17920656634746923
29 0.89404296875 0.4480164158686731 0.1259765625 0.2694938440492476
29 0.9091796875 0.12859097127222982 0.177734375 0.2544459644322845
29 0.658203125 0.10601915184678523 0.177734375 0.20930232558139533
29 0.291015625 0.1210670314637483 0.263671875 0.23939808481532146
29 0.3212890625 0.7660738714090287 0.109375 0.16142270861833105
29 0.1396484375 0.6839945280437756 0.27734375 0.25718194254445964
29 0.66455078125 0.21614227086183307 0.3154296875 0.17236662106703143
29 0.70751953125 0.36183310533515733 0.1259765625 0.18741450068399454
29 0.84033203125 0.73734610123119 0.1474609375 0.29001367989056087
29 0.74267578125 0.6915184678522572 0.1103515625 0.280437756497948
29 0.48583984375 0.6963064295485636 0.1552734375 0.18878248974008208
29 0.40966796875 0.7701778385772914 0.2099609375 0.3091655266757866
29 0.572265625 0.655266757865937 0.173828125 0.26812585499316005
