10 0.366875 0.4470833333333334 0.22375 0.30083333333333334
10 0.49 0.3491666666666667 0.11000000000000001 0.2116666666666667
10 0.40218750000000003 0.69125 0.23187500000000003 0.19749999999999998
10 0.6168750000000001 0.5120833333333333 0.21250000000000002 0.21583333333333335
10 0.7090625 0.27416666666666667 0.103125 0.215
10 0.8015625 0.31416666666666665 0.170625 0.23
10 0.8853125000000001 0.5204166666666666 0.22812500000000002 0.17750000000000002
10 0.7568750000000001 0.75 0.11125 0.265
10 0.6671875 0.7091666666666666 0.149375 0.255
10 0.5953125 0.8337500000000001 0.18562499999999998 0.2891666666666667
10 0.40937500000000004 0.88875 0.1325 0.22083333333333335
10 0.23 0.23208333333333334 0.11375 0.2891666666666667
10 0.103125 0.3891666666666667 0.19875 0.12166666666666667
10 0.11000000000000001 0.48541666666666666 0.1925 0.1325
10 0.1259375 0.8895833333333333 0.155625 0.21916666666666668
10 0.23656249999999998 0.5729166666666667 0.10187500000000001 0.21416666666666667
10 0.38656250000000003 0.25458333333333333 0.206875 0.12583333333333335
10 0.429375 0.28625 0.11000000000000001 0.18416666666666665
10 0.598125 0.35708333333333336 0.11250000000000002 0.14416666666666667
